1706534878597 0.9973614811897278 0
1706534883719 0.9979522824287415 0
1706534928230 0.9966102242469788 0
1706534944744 0.9977793097496033 1
1706534952036 0.9964259266853333 1
1706534994605 0.9972293972969055 1
1706535010855 0.9977959990501404 2
1706535017672 0.9968039989471436 2
1706535058409 0.9974197149276733 2
1706535074078 0.9965307712554932 3
1706535079639 0.9975329041481018 3
1706535109407 0.997515857219696 3
1706535124310 0.997674286365509 4
1706535124337 0.9973614811897278 0
1706535133116 0.9975464940071106 4
1706535133135 0.9979522824287415 0
1706535184189 0.997431218624115 4
1706535184204 0.9966102242469788 0
1706535203071 0.997134268283844 0
1706535209674 0.9968673586845398 0
1706535252373 0.9976226687431335 0
1706535274069 0.9975181221961975 1
1706535285152 0.998241662979126 1
1706535334583 0.9975375533103943 1
1706535356140 0.9976609945297241 2
1706535367234 0.9972794055938721 2
1706535416264 0.9978151917457581 2
1706535436767 0.9978333115577698 3
1706535446294 0.9986444115638733 3
1706535481327 0.997826874256134 3
1706535494919 0.9978870153427124 4
1706535494936 0.997134268283844 1
1706535500611 0.9974634647369385 4
1706535500624 0.9968673586845398 1
1706535527552 0.9979867339134216 4
1706535527566 0.9976226687431335 1
1706535539481 0.9979073405265808 0
1706535545085 0.9972763657569885 0
1706535583473 0.9976851940155029 0
1706535599981 0.9978166222572327 1
1706535608135 0.998312771320343 1
1706535643617 0.9980387687683105 1
1706535663434 0.9979535341262817 2
1706535671121 0.9979403614997864 2
1706535725863 0.9977885484695435 2
1706535744761 0.9983960390090942 3
1706535755795 0.9977932572364807 3
1706535808656 0.9983105659484863 3
1706535825169 0.9979696869850159 4
1706535825192 0.9979073405265808 2
1706535831903 1.0027902126312256 4
1706535831920 0.9972763657569885 2
1706535868636 0.9980617761611938 4
1706535868662 0.9976851940155029 2
1706535886202 0.9979056715965271 0
1706535894679 0.9976768493652344 0
1706535938564 0.9983690977096558 0
1706535955510 0.9980790019035339 1
1706535963992 0.99794602394104 1
1706536008302 0.9978101253509521 1
1706536030652 0.9978448152542114 2
1706536038948 0.9976712465286255 2
1706536100051 0.9982097744941711 2
1706536116860 0.9983000755310059 3
1706536124388 0.9979496598243713 3
1706536162544 0.9979481101036072 3
1706536177392 0.9984375238418579 4
1706536177407 0.9979056715965271 3
1706536184528 0.9975215792655945 4
1706536184546 0.9976768493652344 3
