1706534878594 0.008188139647245407 0
1706534883717 0.00590592110529542 0
1706534928226 0.009622552432119846 0
1706534944741 0.009254383854568005 1
1706534952033 0.014927343465387821 1
1706534994603 0.00831114873290062 1
1706535010853 0.008440326899290085 2
1706535017669 0.010901976376771927 2
1706535058407 0.008030119352042675 2
1706535074076 0.01161891222000122 3
1706535079636 0.008017652668058872 3
1706535109404 0.00838854443281889 3
1706535124307 0.008391142822802067 4
1706535124337 0.008188139647245407 0
1706535133113 0.006762073840945959 4
1706535133135 0.00590592110529542 0
1706535184185 0.007976572960615158 4
1706535184204 0.009622552432119846 0
1706535203068 0.011752299033105373 0
1706535209672 0.011207330040633678 0
1706535252371 0.0078183738514781 0
1706535274055 0.007806843146681786 1
1706535285149 0.004812912084162235 1
1706535334581 0.008003449067473412 1
1706535356137 0.00732027692720294 2
1706535367225 0.010012298822402954 2
1706535416261 0.008042505942285061 2
1706535436759 0.008602321147918701 3
1706535446292 0.0041609094478189945 3
1706535481324 0.007680732756853104 3
1706535494917 0.007576766889542341 4
1706535494936 0.011752299033105373 1
1706535500607 0.007759865373373032 4
1706535500624 0.011207330040633678 1
1706535527550 0.007214066106826067 4
1706535527566 0.0078183738514781 1
1706535539477 0.007909408770501614 0
1706535545082 0.009912624023854733 0
1706535583463 0.007495100609958172 0
1706535599979 0.008929076604545116 1
1706535608129 0.005020545795559883 1
1706535643615 0.007988548837602139 1
1706535663426 0.007805253844708204 2
1706535671119 0.010955951176583767 2
1706535725855 0.008201329968869686 2
1706535744755 0.006085227243602276 3
1706535755793 0.007725434377789497 3
1706535808651 0.006363861728459597 3
1706535825166 0.007344431709498167 4
1706535825192 0.007909408770501614 2
1706535831901 0.0073510040529072285 4
1706535831920 0.009912624023854733 2
1706535868630 0.008447891101241112 4
1706535868662 0.007495100609958172 2
1706535886200 0.009027598425745964 0
1706535894676 0.008793179877102375 0
1706535938561 0.005930503364652395 0
1706535955505 0.008273743093013763 1
1706535963990 0.009159693494439125 1
1706536008297 0.008221711032092571 1
1706536030645 0.007149421144276857 2
1706536038945 0.007379076909273863 2
1706536100048 0.00726652517914772 2
1706536116857 0.007422917522490025 3
1706536124386 0.009186608716845512 3
1706536162541 0.008527450263500214 3
1706536177390 0.004858051426708698 4
1706536177407 0.009027598425745964 3
1706536184524 0.01125146634876728 4
1706536184546 0.008793179877102375 3
