1706534878600 27.192399978637695 0
1706534883721 27.192541122436523 0
1706534928233 27.391937255859375 0
1706534944747 27.36983299255371 1
1706534952041 27.725305557250977 1
1706534994610 27.381378173828125 1
1706535010858 27.48392105102539 2
1706535017676 27.23505210876465 2
1706535058415 27.386396408081055 2
1706535074080 27.643390655517578 3
1706535079641 27.171001434326172 3
1706535109408 27.36025047302246 3
1706535124314 27.36989974975586 4
1706535133119 26.917699813842773 4
1706535184191 27.37989044189453 4
1706535203073 27.30838394165039 0
1706535209678 27.185564041137695 0
1706535252377 27.36522102355957 0
1706535274080 27.30537223815918 1
1706535285155 27.597227096557617 1
1706535334586 27.33112335205078 1
1706535356143 27.67108917236328 2
1706535367249 27.387540817260742 2
1706535416267 27.288583755493164 2
1706535436785 27.566415786743164 3
1706535446296 27.15679931640625 3
1706535481329 27.390554428100586 3
1706535494921 27.437519073486328 4
1706535500612 27.142250061035156 4
1706535527553 27.39860725402832 4
1706535539482 27.401535034179688 0
1706535545087 27.176570892333984 0
1706535583476 27.381879806518555 0
1706535599983 27.59654426574707 1
1706535608138 27.062223434448242 1
1706535643621 27.477243423461914 1
1706535663436 27.606992721557617 2
1706535671126 27.43960189819336 2
1706535725870 27.348709106445312 2
1706535744770 27.416093826293945 3
1706535755797 27.436893463134766 3
1706535808660 27.394428253173828 3
1706535825174 27.330018997192383 4
1706535831905 27.16877555847168 4
1706535868641 27.4357852935791 4
1706535886204 27.228038787841797 0
1706535894685 27.166973114013672 0
1706535938566 27.439098358154297 0
1706535955513 27.433488845825195 1
1706535963996 27.495128631591797 1
1706536008304 27.35114860534668 1
1706536030654 27.508882522583008 2
1706536038950 27.263700485229492 2
1706536100053 27.361064910888672 2
1706536116863 27.427595138549805 3
1706536124391 27.141019821166992 3
1706536162547 27.35256004333496 3
1706536177394 27.505725860595703 4
1706536184531 27.58176040649414 4
