1706498796088 0.9669018983840942 0
1706498802747 0.9805074334144592 0
1706498834871 0.9836956262588501 1
1706498841568 0.9873870611190796 1
1706498874647 0.9889954328536987 2
1706498874658 0.9669018983840942 0
1706498881748 0.9896610975265503 2
1706498881759 0.9805074334144592 0
1706498914823 0.9915462136268616 0
1706498921867 0.9916008114814758 0
1706498954488 0.9926567673683167 1
1706498961683 0.9929455518722534 1
1706498995950 0.9938468933105469 2
1706498995963 0.9915462136268616 1
1706499002741 0.9951675534248352 2
1706499002753 0.9916008114814758 1
1706499039335 0.9946138262748718 0
1706499046838 0.9947604537010193 0
1706499083755 0.9955460429191589 1
1706499091287 0.9946887493133545 1
1706499125827 0.995680034160614 2
1706499125843 0.9946138262748718 2
