1706498796086 0.11049409210681915 0
1706498802746 0.06606774032115936 0
1706498834868 0.052665386348962784 1
1706498841566 0.0395243875682354 1
1706498874645 0.037174683064222336 2
1706498874658 0.11049409210681915 0
1706498881745 0.03336741402745247 2
1706498881759 0.06606774032115936 0
1706498914822 0.027616634964942932 0
1706498921865 0.02470671385526657 0
1706498954472 0.02236502803862095 1
1706498961681 0.021617235615849495 1
1706498995949 0.019128791987895966 2
1706498995963 0.027616634964942932 1
1706499002740 0.01564314030110836 2
1706499002753 0.02470671385526657 1
1706499039332 0.016114218160510063 0
1706499046836 0.01686517335474491 0
1706499083753 0.014064441435039043 1
1706499091285 0.015595007687807083 1
1706499125823 0.012849662452936172 2
1706499125843 0.016114218160510063 2
