1706498796090 27.347347259521484 0
1706498802750 27.478906631469727 0
1706498834872 27.36383628845215 1
1706498841570 27.618846893310547 1
1706498874649 27.37811851501465 2
1706498881750 27.207563400268555 2
1706498914824 27.361913681030273 0
1706498921869 27.649686813354492 0
1706498954490 27.36094856262207 1
1706498961686 27.521869659423828 1
1706498995953 27.41558265686035 2
1706499002742 27.1607723236084 2
1706499039337 27.458759307861328 0
1706499046840 27.043954849243164 0
1706499083758 27.413660049438477 1
1706499091289 27.228675842285156 1
1706499125830 27.35549545288086 2
