1706533948163 0.9864264130592346 0
1706533955306 0.9875710010528564 0
1706533975421 0.9888668060302734 0
1706534010807 0.990768313407898 1
1706534020789 0.9929702281951904 1
1706534020803 0.9875710010528564 0
1706534039389 0.9925311803817749 1
1706534067262 0.9928752779960632 2
1706534067278 0.9864264130592346 0
1706534075875 0.9948703050613403 0
1706534090621 0.9935094118118286 2
1706534090638 0.9888668060302734 0
1706534120643 0.9946040511131287 0
1706534129475 0.9946733117103577 1
1706534129490 0.9948703050613403 1
