1706533948158 0.04698546230792999 0
1706533955303 0.03883928805589676 0
1706533975414 0.03533920645713806 0
1706534010805 0.02999141626060009 1
1706534020787 0.023728428408503532 1
1706534020803 0.03883928805589676 0
1706534039385 0.023584634065628052 1
1706534067259 0.02217499539256096 2
1706534067278 0.04698546230792999 0
1706534075872 0.016982832923531532 0
1706534090618 0.020017109811306 2
1706534090638 0.03533920645713806 0
1706534120641 0.0162602961063385 0
1706534129471 0.01591385528445244 1
1706534129490 0.016982832923531532 1
