1706499478043 0.9838376045227051 1
1706499502569 0.9847999811172485 2
1706499528300 0.9880333542823792 3
1706499553504 0.9892666935920715 4
1706499553510 0.9676767587661743 0
1706499578670 0.9906833171844482 0
1706499603285 0.9913166761398315 1
1706499626942 0.9924499988555908 2
1706499652193 0.9925833344459534 3
1706499677299 0.9936166405677795 4
1706499677305 0.9906833171844482 1
1706499704286 0.9940999746322632 0
1706499730545 0.9944999814033508 1
1706499755119 0.9949666857719421 2
1706499781034 0.9945499897003174 3
1706499806839 0.9955999851226807 4
1706499806845 0.9940999746322632 2
1706499833669 0.9952499866485596 0
