1706499478042 0.0538993664085865 1
1706499502568 0.04852316156029701 2
1706499528298 0.03942984342575073 3
1706499553503 0.034737180918455124 4
1706499553510 0.10853768140077591 0
1706499578669 0.029307425022125244 0
1706499603284 0.027865435928106308 1
1706499626941 0.023772170767188072 2
1706499652192 0.022375695407390594 3
1706499677298 0.01981876976788044 4
1706499677305 0.029307425022125244 1
1706499704285 0.018146447837352753 0
1706499730544 0.017447618767619133 1
1706499755118 0.015892479568719864 2
1706499781033 0.01660243608057499 3
1706499806838 0.013802907429635525 4
1706499806845 0.018146447837352753 2
1706499833668 0.015254883095622063 0
