1706499478044 27.431177139282227 1
1706499502570 27.392074584960938 2
1706499528301 27.39248275756836 3
1706499553505 27.392780303955078 4
1706499578670 27.393062591552734 0
1706499603286 27.393173217773438 1
1706499626942 27.393352508544922 2
1706499652194 27.39346694946289 3
1706499677300 27.39356231689453 4
1706499704288 27.393634796142578 0
1706499730546 27.39371681213379 1
1706499755120 27.39378547668457 2
1706499781035 27.393798828125 3
1706499806840 27.393875122070312 4
1706499833670 27.393863677978516 0
